2453031.78326     5.54   1.38   16383.71   1.94    -14.7    2.9  0.59301  0.16599  0.21487  6.2397  51.508   0.0192   -32.16  -4.673 pre_072 072.C-0488(E) 
2453034.82031    -0.69   1.24   16376.88   1.47     -8.3    1.8  0.59130  0.16357  0.20811  6.1609  51.926   0.0242     2.48  -4.622 pre_072 072.C-0488(E) 
2453358.80623    -9.12   1.40   16367.41   1.67     -8.3    2.0  0.59493  0.15852  0.20558  6.1856  51.928   0.0221    -3.26  -4.534 pre_oth 074.C-0364(A) 
2453359.83542     0.08   1.38   16377.78   1.54    -14.8    1.7  0.59230  0.15764  0.20482  6.2411  51.551   0.0189    -1.00  -4.548 pre_oth 074.C-0364(A) 
2453360.79010     4.35   1.42   16381.55   1.61     -7.3    1.7  0.59327  0.15971  0.20915  6.2530  51.387   0.0157     5.02  -4.367 pre_oth 074.C-0364(A) 
2453363.76791     1.52   1.50   16377.34   1.71     -2.3    1.8  0.59428  0.16103  0.20787  6.2724  51.265   0.0175     4.44  -4.475 pre_oth 074.C-0364(A) 
2453484.59038    10.50   1.11   16387.70   1.20     -5.2    1.2  0.58765  0.16521  0.20525  6.1741  51.881   0.0222    -5.04  -4.553 pre_072 072.C-0488(E) 
2453491.53553     6.23   1.54   16384.40   1.76     -2.5    2.5  0.59470  0.16360  0.21419  6.2685  51.022   0.0142   -10.53  -4.607 pre_072 072.C-0488(E) 
2453543.49764    -2.07   2.60   16372.58   3.38     33.6    4.7  0.59319  0.16725  0.20605  6.2297  50.789   0.0263     5.59  -4.479 pre_072 072.C-0488(E) 
2453699.86074    -6.66   1.33   16368.54   1.38     -7.7    1.7  0.59655  0.16776  0.21200  6.2352  51.341   0.0167     3.85  -4.664 pre_072 072.C-0488(E) 
2453725.85469    -6.89   1.26   16370.89   1.30     -3.6    1.5  0.59653  0.16325  0.20970  6.1765  51.703   0.0300    -7.83  -4.580 pre_072 072.C-0488(E) 
2453760.76494    -3.43   1.23   16372.68   1.25      4.1    1.7  0.59088  0.16628  0.21073  6.2499  51.153   0.0236     8.64  -4.624 pre_072 072.C-0488(E) 
2453762.70810    -2.32   0.96   16374.34   1.00     -0.9    1.2  0.59140  0.16055  0.20979  6.1826  51.772   0.0285    -2.74  -4.564 pre_072 072.C-0488(E) 
2453764.78230    -8.25   1.29   16369.77   1.28      1.6    1.5  0.59621  0.16274  0.20920  6.2493  51.221   0.0196    -6.01  -4.483 pre_072 072.C-0488(E) 
2453781.71470    -7.03   1.12   16369.71   1.17     -5.6    1.2  0.59676  0.15989  0.21118  6.1709  51.778   0.0202     0.23  -4.688 pre_072 072.C-0488(E) 
2453789.72368   -10.02   1.61   16366.12   1.88      7.7    2.6  0.59335  0.16755  0.21187  6.2589  51.046   0.0225    11.91  -4.631 pre_072 072.C-0488(E) 
2453866.53248    -0.78   1.21   16374.32   1.25     -5.7    1.4  0.59242  0.16136  0.20990  6.1790  51.751   0.0277    10.70  -4.592 pre_072 072.C-0488(E) 
2454046.87007    -0.11   2.65   16372.76   3.42     27.4    3.7  0.59535  0.17564  0.21082  6.2789  50.408   0.0095     2.07  -4.673 pre_oth 078.C-0044(A) 
2454058.83897     0.52   2.30   16379.69   2.92      1.0    3.8  0.59549  0.16564  0.21774  6.2381  51.044   0.0279     5.62  -4.594 pre_oth 078.C-0044(A) 
2454076.78872     1.16   3.26   16379.29   4.16     30.0    5.6  0.59379  0.16958  0.19141  6.2689  50.386   0.0289   -29.14         pre_oth 078.C-0044(A) 
2454098.74645     3.24   2.28   16378.86   2.88      2.8    3.1  0.59841  0.16349  0.20097  6.2215  51.370   0.0218    -1.39  -4.747 pre_oth 078.C-0044(A) 
2454103.79726     3.71   2.57   16378.60   3.32      7.5    3.8  0.59176  0.15850  0.20827  6.2484  51.308   0.0155    48.24  -3.903 pre_oth 078.C-0044(A) 
2454112.77557     2.77   2.67   16373.66   3.45      3.5    4.8  0.59304  0.15535  0.20662  6.2148  51.471   0.0116   -21.28  -4.544 pre_oth 078.C-0044(A) 
2454121.77398    -0.90   1.28   16376.52   1.32      7.0    1.7  0.59356  0.16543  0.20930  6.1975  51.540   0.0170    -1.93  -4.613 pre_072 072.C-0488(E) 
2454124.65717     9.94   2.53   16386.01   3.21     31.9    4.0  0.59542  0.16810  0.21534  6.2676  50.481   0.0229     2.13  -4.591 pre_oth 078.C-0044(A) 
2454125.78329     2.41   2.09   16376.16   2.57     18.2    2.9  0.59285  0.16330  0.21019  6.2661  50.626   0.0202     3.66  -4.581 pre_oth 078.C-0044(A) 
2454134.71348    -4.65   1.45   16370.66   1.55      2.8    1.8  0.59666  0.16644  0.20581  6.2526  51.162   0.0180     4.51  -4.453 pre_072 072.C-0488(E) 
2454143.72641    -6.92   1.30   16365.99   1.42      3.0    2.0  0.59378  0.16129  0.21416  6.2439  51.038   0.0126    -8.45  -4.577 pre_072 072.C-0488(E) 
2454233.56021   -10.66   1.50   16367.52   1.64      1.9    1.9  0.58885  0.16172  0.21113  6.2430  51.076   0.0187   -19.44  -4.682 pre_072 072.C-0488(E) 
2454429.80758   -12.62   1.91   16362.00   2.40     -0.1    2.6  0.58506  0.16805  0.21124  6.2266  51.156   0.0166     0.35  -4.699 pre_072 072.C-0488(E) 
2454430.80711    -7.26   1.34   16369.92   1.41     -8.3    1.7  0.58835  0.16343  0.20967  6.2247  51.294   0.0185     8.23  -4.695 pre_072 072.C-0488(E) 
2454438.85157    -8.24   1.20   16368.02   1.24     -7.5    1.3  0.59100  0.16235  0.21078  6.1685  51.833   0.0217     8.10  -4.644 pre_072 072.C-0488(E) 
2454478.82807     7.77   1.27   16384.71   1.32     -4.0    1.7  0.59211  0.16070  0.21081  6.2482  51.039   0.0145     0.39  -4.707 pre_072 072.C-0488(E) 
2454486.73360    -0.07   1.34   16375.11   1.42     -0.5    1.8  0.59119  0.16151  0.20662  6.2388  51.146   0.0106    10.29  -4.614 pre_072 072.C-0488(E) 
2454520.67753    -2.09   1.34   16375.96   1.42     -8.9    1.5  0.59238  0.15623  0.20873  6.2214  51.140   0.0177    -4.03  -4.714 pre_072 072.C-0488(E) 
2454527.67830    -7.29   1.23   16369.46   1.30     -4.9    1.6  0.59107  0.15701  0.20136  6.1675  51.685   0.0181     2.96  -4.692 pre_072 072.C-0488(E) 
2454540.69484    -6.99   1.40   16371.43   1.50     -2.4    1.7  0.58455  0.16036  0.20797  6.2435  51.004   0.0169    12.68  -4.688 pre_072 072.C-0488(E) 
2454541.69765    -2.98   1.35   16374.34   1.42     -4.7    1.7  0.58873  0.15528  0.20557  6.2239  51.049   0.0184     6.76  -4.749 pre_072 072.C-0488(E) 
2454548.62397    -7.37   1.60   16367.34   1.78      0.4    2.5  0.58972  0.16138  0.20287  6.2304  50.947   0.0150     5.94  -4.734 pre_072 072.C-0488(E) 
2454554.63058    -4.76   1.10   16372.93   1.11    -15.5    1.7  0.59265  0.15837  0.20516  6.2304  51.264   0.0236     2.38  -4.756 pre_072 072.C-0488(E) 
2454555.62725     3.69   1.13   16381.37   1.23     -7.9    1.6  0.58882  0.15995  0.20727  6.2216  51.170   0.0164     0.67  -4.757 pre_072 072.C-0488(E) 
2454556.62133    -1.49   1.36   16374.84   1.44    -11.3    1.9  0.59009  0.16057  0.21176  6.2200  51.274   0.0146     6.63  -4.635 pre_072 072.C-0488(E) 
2454557.56879    -9.99   1.42   16367.59   1.55     -7.9    2.1  0.59127  0.16031  0.20731  6.2180  51.244   0.0202     6.98  -4.703 pre_072 072.C-0488(E) 
2454562.54483    -6.52   0.79   16371.60   0.75    -15.4    1.0  0.58626  0.15819  0.20459  6.1499  51.846   0.0219     9.67  -4.669 pre_072 072.C-0488(E) 
2454564.53873     3.37   1.16   16382.15   1.19     -6.4    1.6  0.59365  0.16205  0.20658  6.1672  51.675   0.0205   -10.94  -4.694 pre_072 072.C-0488(E) 
2454565.56527    -4.66   1.13   16371.29   1.13     -2.1    1.8  0.58575  0.16027  0.20331  6.2433  51.002   0.0181    -3.25  -4.644 pre_072 072.C-0488(E) 
2454566.53148    -9.20   1.15   16368.18   1.15     -5.6    1.8  0.58814  0.15696  0.21054  6.1680  51.585   0.0209    -0.51  -4.683 pre_072 072.C-0488(E) 
2454567.59848    -1.69   1.12   16373.84   1.03     -4.2    1.6  0.58867  0.16214  0.21308  6.1696  51.604   0.0176     2.33  -4.684 pre_072 072.C-0488(E) 
2454568.53432     1.44   1.20   16378.54   1.08     -6.4    1.4  0.58712  0.16379  0.20456  6.1722  51.657   0.0239   -10.03  -4.723 pre_072 072.C-0488(E) 
2454569.55205    -0.42   1.19   16375.80   1.04     -8.0    1.3  0.58525  0.15607  0.20721  6.1647  51.705   0.0177    -3.78  -4.641 pre_072 072.C-0488(E) 
2454571.54663    -6.07   1.30   16372.05   1.38     -2.3    1.7  0.58799  0.16442  0.20644  6.1713  51.585   0.0247    -5.80  -4.643 pre_072 072.C-0488(E) 
2454582.56284    -5.97   1.41   16370.15   1.52     -6.5    1.9  0.59008  0.15921  0.20999  6.2338  51.167   0.0174     0.08  -4.641 pre_072 072.C-0488(E) 
2454812.82947    -6.24   1.61   16372.25   1.80     -5.5    2.3  0.58644  0.15848  0.20747  6.2338  51.246   0.0131    21.94  -4.736 pre_072 072.C-0488(E) 
2454840.70712    -6.69   1.30   16367.20   1.34    -13.4    2.0  0.59360  0.16061  0.20648  6.1405  51.836   0.0176    14.11  -4.746 pre_072 072.C-0488(E) 
2454871.64088     9.28   1.15   16382.63   1.26     -6.6    1.6  0.59636  0.16526  0.20520  6.1799  51.370   0.0140    19.60  -4.653 pre_072 072.C-0488(E) 
2454872.77716     2.01   1.36   16379.45   1.41     -7.5    1.9  0.59485  0.15939  0.20931  6.1505  51.665   0.0194     2.73  -4.677 pre_072 072.C-0488(E) 
2454902.75710     0.29   1.30   16378.93   1.44     -7.0    2.1  0.59422  0.16389  0.21061  6.1570  51.583   0.0157    -6.14  -4.540 pre_072 072.C-0488(E) 
2454921.59884    -0.63   1.27   16377.96   1.15    -16.1    1.3  0.59840  0.15715  0.20578  6.1479  51.839   0.0199     5.30  -4.769 pre_072 072.C-0488(E) 
2454922.52698    51.40   1.21   16427.05   1.26    -18.1    1.4  0.59519  0.16007  0.20571  6.1522  51.853   0.0197    -0.48  -4.733 pre_072 072.C-0488(E) 
2454930.51642    -1.05   1.24   16375.83   1.29    -14.7    1.6  0.59101  0.16187  0.20394  6.1454  51.780   0.0198    10.19  -4.810 pre_183 183.C-0972(A) 
2454931.58823     2.59   1.42   16376.51   1.60     -5.5    2.3  0.58764  0.15599  0.20949  6.1546  51.485   0.0110     3.74  -4.781 pre_183 183.C-0972(A) 
2455217.79824    -2.36   1.56   16374.30   1.69    -11.4    2.2  0.59729  0.16276  0.20542  6.1467  51.604   0.0125    10.13  -4.686 pre_183 183.C-0972(A) 
2455222.73691   -11.16   1.13   16365.51   1.16    -16.0    1.7  0.59622  0.15699  0.21029  6.1414  51.936   0.0182     2.78  -4.738 pre_183 183.C-0972(A) 
2455240.71208    -6.77   1.42   16368.65   1.52    -11.9    1.9  0.59211  0.15873  0.20784  6.2250  51.208   0.0104     1.51  -4.683 pre_183 183.C-0972(A) 
2455262.59934    -0.74   1.20   16375.81   1.24    -14.1    1.5  0.59454  0.16140  0.20553  6.1416  51.827   0.0189    -1.05  -4.731 pre_183 183.C-0972(A) 
2455263.63612     6.40   1.43   16381.27   1.49    -11.4    2.0  0.59243  0.15779  0.20353  6.1432  51.662   0.0179    13.68  -4.760 pre_183 183.C-0972(A) 
2455266.66428    -1.39   1.35   16371.82   1.43    -12.7    1.8  0.59327  0.15432  0.20645  6.2129  51.197   0.0107    -0.20  -4.736 pre_183 183.C-0972(A) 
2455293.63113     2.87   1.09   16379.80   1.06    -10.8    1.5  0.59338  0.16188  0.20483  6.1480  51.734   0.0142     5.65  -4.770 pre_oth 085.C-0019(A) 
2455301.53131    -1.85   1.21   16374.51   1.23    -20.3    1.9  0.58905  0.15904  0.20718  6.2092  51.407   0.0120     3.74  -4.762 pre_oth 085.C-0019(A) 
2455306.54172     3.46   1.14   16378.88   1.14    -23.7    1.4  0.58993  0.15922  0.20014  6.2202  51.313   0.0097    11.90  -4.781 pre_oth 085.C-0019(A) 
2455587.75037    -3.05   1.47   16375.15   1.57     -1.2    2.1  0.58965  0.16065  0.20948  6.2489  51.067   0.0165     3.34  -4.694 pre_183 183.C-0972(A) 
2455658.58068     0.97   0.77   16378.63   0.94     -1.5    1.0  0.58900  0.15855  0.20888  6.2840  50.891   0.0129    -8.96  -4.659 pre_oth 087.C-0831(A) 
2455664.61457    14.22   1.75   16393.03   2.03      9.1    2.5  0.58897  0.15575  0.20566  6.2827  50.853   0.0082    -8.07         pre_183 183.C-0972(A) 
2455695.47441    10.10   1.19   16386.73   1.14      7.4    1.6  0.59567  0.16383  0.20973  6.2767  50.935   0.0181     3.05  -4.637 pre_oth 087.C-0831(A) 
2456052.59933     3.28   1.63   16377.69   1.83     27.8    2.3  0.59637  0.16363  0.20827  6.3102  50.636   0.0218    -5.84         pre_oth 089.C-0732(A) 
2456058.55823    10.89   1.34   16389.15   1.42     19.4    1.7  0.59652  0.16392  0.20807  6.3156  50.819   0.0155   -13.11  -4.454 pre_oth 089.C-0732(A) 
2456084.46783    18.51   1.61   16395.60   1.74     35.0    2.1  0.60691  0.16742  0.20996  6.3471  50.554   0.0209    -0.97  -4.611 pre_oth 089.C-0732(A) 
2456089.48789     6.57   1.60   16386.50   1.79     28.7    2.7  0.59726  0.16661  0.20117  6.3489  50.563   0.0247    17.02  -4.604 pre_oth 089.C-0732(A) 
2456316.84050    -4.27   1.28   16375.12   1.30     11.4    2.0  0.59442  0.16509  0.21114  6.3234  50.618   0.0175   -23.30  -4.496 pre_oth 090.C-0421(A) 
2456351.66128     0.13   1.35   16377.56   1.39     22.8    2.1  0.59585  0.16942  0.20654  6.3085  50.581   0.0244   -20.58  -4.565 pre_oth 090.C-0421(A) 
2456383.72946    -2.37   1.76   16374.40   2.09     18.1    2.3  0.58924  0.16221  0.20528  6.3295  50.486   0.0036   -11.79  -4.634 pre_oth 090.C-0421(A) 
2456456.48612     0.47   1.88   16377.94   2.19     15.3    2.7  0.59234  0.16301  0.20685  6.2893  50.919   0.0072   -10.81  -4.714 pre_oth 091.C-0034(A) 
2456681.79418    12.25   1.64   16389.27   2.01     20.3    2.6  0.59461  0.16047  0.21263  6.2889  50.849   0.0226     7.47  -4.434 pre_oth 091.C-0034(A) 
2456696.82261     5.61   1.39   16382.00   1.45     26.5    2.6  0.59170  0.16334  0.20647  6.3435  50.461   0.0172   -14.33  -4.546 pre_oth 092.C-0721(A) 
2456723.63473     6.59   1.18   16384.76   1.12     20.7    2.1  0.60362  0.16653  0.21165  6.3383  50.482   0.0116   -16.49  -4.315 pre_oth 092.C-0721(A) 
2456725.62519     3.68   1.21   16381.10   1.15     24.0    2.4  0.59339  0.15695  0.20285  6.3313  50.528   0.0168    -5.60  -4.461 pre_oth 092.C-0721(A) 
2456729.60714    -1.33   1.71   16377.01   1.93     25.5    3.1  0.59378  0.16785  0.21083  6.3337  50.545   0.0193   -23.89  -4.581 pre_oth 092.C-0721(A) 
2456732.65275     4.68   0.91   16382.41   0.92     26.3    2.1  0.59207  0.16451  0.20890  6.3147  50.546   0.0176    -2.13         pre_oth 092.C-0721(A) 
2456814.49556    -4.28   1.50   16368.71   1.60     15.9    2.3  0.59607  0.16565  0.20823  6.3074  50.702   0.0179    11.00  -4.581 pre_oth 093.C-0409(A) 
2457147.55108    -1.11   2.14   16373.84   2.58     18.7    3.6  0.58934  0.16030  0.20295  6.3115  50.741   0.0214    16.83  -4.608 pre_oth 095.C-0551(A) 
2457356.81928    -2.03   1.28   16384.98   1.47     20.3    4.2  0.59310  0.15958  0.20817  6.1950  51.594   0.0329    26.90  -4.621 post    096.C-0460(A) 
2457847.56305    -3.46   1.63   16382.83   1.90     17.5    4.3  0.59189  0.15478  0.20199  6.2771  51.069   0.0369    -1.63         post    099.C-0458(A) 
2458090.83365     7.51   1.73   16389.32   1.96     18.2    4.5  0.59539  0.15714  0.20405  6.2878  50.919   0.0291    11.12  -4.555 post    0100.C-0097(A)
2458091.86093    -1.92   1.88   16375.89   2.23     18.8    5.2  0.59518  0.16563  0.19969  6.2859  50.920   0.0348    64.75  -4.720 post    0100.C-0097(A)
2458113.78037    -1.70   1.10   16386.73   1.20     29.8    2.9  0.59876  0.16314  0.20547  6.2607  50.998   0.0324    -3.26  -4.645 post    0100.C-0097(A)
2458127.83869     4.00   1.50   16392.00   2.00     25.0    4.3  0.59749  0.15901  0.21154  6.1930  51.193   0.0393   -12.51  -4.732 post    0100.C-0097(A)
2458129.87008    -2.60   1.41   16386.21   1.41     20.6    4.2  0.59829  0.16059  0.20621  6.3382  50.480   0.0289     3.48  -4.727 post    0100.C-0097(A)
2458132.80767     6.62   1.44   16394.75   1.59     20.5    4.3  0.59787  0.15745  0.20391  6.3078  50.736   0.0300    10.79  -4.624 post    0100.C-0097(A)
2458162.74712    -0.09   1.71   16385.41   1.81     20.9    4.2  0.60535  0.16222  0.20461  6.3019  50.741   0.0317    24.52  -4.691 post    0100.C-0097(A)
2458203.62647    -9.17   1.36   16375.39   1.66     15.4    3.9  0.59791  0.16191  0.20675  6.2663  51.041   0.0382     9.13  -4.657 post    0100.C-0097(A)
2458516.85064    13.12   1.79   16402.64   1.67     39.2    4.6  0.60003  0.16517  0.21163  6.3584  50.407   0.0416    -0.78  -4.540 post    0102.C-0558(A)
2458562.64986    -1.97   1.68   16384.89   1.87     28.5    4.1  0.59410  0.16173  0.20717  6.3166  50.744   0.0342     0.44  -4.579 post    0102.C-0558(A)
2459270.71451    -2.00   2.43   16387.33   5.44     80.7    6.0  0.59543  0.17072  0.20377  6.2528  50.023   0.0572    53.91         post    106.21R4.001  
2459567.83722     0.61   1.54   16391.74   3.20     54.3    3.8  0.59245  0.16235  0.21120  6.2116  51.380   0.0392     8.92  -4.573 post    108.222V.001  
